
59 54 48
58 28 42
58 58 12
59 26 47
58 51 06
58 21 54
58 31 11
58 39 25
58 36 23
58 46 38
58 43 22
58 46 55
58 52 48
59 00 06
59 03 48
59 13 02
59 28 06
59 41 15
59 03 44
59 12 01
59 21 42
59 15 23
59 18 26
59 32 44
63 06 37
62 45 23
62 28 40
62 03 38
62 15 30
62 21 20
62 21 23
62 21 51
62 12 01
62 11 29
62 22 32
62 25 29
62 33 45
62 35 04
62 30 17
62 49 43
62 59 50
62 54 59
62 57 13
62 36 46
62 56 51
63 24 07
63 16 07
62 05 16
62 18 13
62 55 00
67 16 58
68 25 14
65 05 48
65 19 25
65 28 33
65 40 31
65 40 06
65 59 55
65 57 24
66 06 46
65 47 57
65 24 02
65 32 51
66 05 29
66 15 28
66 03 15
66 22 19
66 25 55
66 30 27
66 35 36
66 47 17
67 01 24
66 55 02
66 55 12
67 13 14
67 13 14
67 47 54
68 24 15
68 32 11
67 31 12
67 40 23
68 04 45
68 13 17
68 16 41
68 32 06
68 41 43
68 53 18
68 42 31
69 05 40
67 55 31
68 04 33
59 7 35
59 27 33
59 17 09
59 12 19
59 44 16
59 40 10
60 12 19
59 3 23
59 13 23
59 30 40
59 34 56
59 28 50
59 22 23
59 20 56
59 28 21
59 34 30
59 45 00
59 39 37
59 41 56
59 48 31
59 56 18
59 50 7
59 50 24
59 53 21
59 46 27
59 53 56
59 57 
60 4 23
60 4 57
60 10 15
60 7 51
60 21 
60 14 44
60 24 57
60 2 52
60 24 31
60 33 30
60 45 1
60 54 21
60 37 49
60 34 18
60 3 9
60 11 42
59 57 27
59 46 19
59 47 38
59 50 52
60 1 2
60 18 26
60 16 16
60 15 10
60 14 35
60 47 57
61 7 
60 47 33
61 1 27
60 49 31
60 42 57
60 26 32
60 14 12
59 59 53
60 27 23
60 39 13
60 45 12
60 55 39
61 18 36
61 8 47
61 38 6
61 51 34
61 53 
62 24 5
62 16 31
62 4 18
62 11 57
62 28 34
62 2 6
62 12 38
61 56 10
61 48 39
61 50 55
61 39 32
61 49 1
61 34 8
61 32 8
61 15 55
61 16 36
60 36 48
60 39 10
60 26 28
60 40 37
60 55 55
60 41 47
60 58 2
60 57 35
61 3 38
61 14 11
61 12 52
59 25 15
59 29 43
59 17 53
59 7 50
59 4 52
59 6 56
59 12 29
59 37 46
59 10 
59 17 51
59 1 11
58 53 13
59 7 24
59 17 5
59 27 00
60 0 33
59 39 54
59 30 48
59 23 54
59 4 35
59 9 57
59 25 2
59 48 5
58 43 35
58 21 07
58 27 39
58 8 50
58 06 15
58 04 58
58 19 38
58 53 33
58 46 32
58 37 26
58 34 59
58 14 49
58 26 58
58 47 53
58 26 28
58 35 05
58 55 27
59 12 45
59 26 35
58 18 38
58 42 07
58 10 09
58 27 24
58 20 17
58 51 43
60 23 22
61 35 59
59 39 50
59 34 25
59 46 46
59 48 29
59 55 08
59 59 54
59 55 41
60 18 42
60 26 06
60 37 16
60 42 09
60 22 12
60 24 10
60 11 44
60 02 16
60 36 39
60 28 17
60 36 25
60 52 50
60 31 05
60 40 00
60 46 16
60 46 08
60 50 18
61 01 27
61 07 51
61 10 15
61 11 17
61 03 25
61 14 32
60 52 05
61 03 04
61 17 29
61 29 38
61 24 21
61 18 22
61 27 08
61 48 31
61 54 41
61 44 38
61 50 19
63 25 47
64 03 29
64 29 38
63 43 32
64 17 52
62 34 25
62 49 51
62 34 27
62 52 07
62 55 16
63 10 35
63 16 53
63 22 22
63 11 54
63 01 06
63 26 17
63 28 30
63 36 14
63 39 17
63 47 53
64 13 28
64 22 34
64 55 15
64 52 19
64 31 53
64 43 27
64 30 28
64 25 11
65 05 17
63 53 58
63 38 38
63 17 26
63 32 50
63 47 
63 58 40
63 18 24
64 50 21
63 02 32
69 40 58
68 48 00
69 58 36
70 22 14
70 04 24
70 39 45
68 42 07
68 29 04
68 49 46
68 41 24
68 39 28
68 51 51
68 54 02
68 58 30
69 05 31
69 04 01
69 04 50
69 18 17
70 07 48
69 41 25
69 16 43
69 36 14
70 05 07
69 42 18
69 53 39
69 00 42
70 14 22
70 35 30
70 59 48
70 58 41
70 03 08
69 28 55
70 56 43
71 02 28
70 51 29
70 11 58
70 10 24
70 38 07
69 43 43

