0   0
59.9133   10.7389
58.4783   6.06306
58.97   5.73139
59.4464   5.29833
58.8517   5.73611
58.365   6.31028
58.5197   6.46139
58.6569   6.14667
58.6064   5.72472
58.7772   5.59667
58.7228   5.76528
58.7819   6.00861
58.88   5.62861
59.0017   5.61528
59.0633   6.02778
59.2172   6.34083
59.4683   6.49972
59.6875   6.43722
59.0622   5.41167
59.2003   5.42306
59.3617   5.54278
59.2564   5.24917
59.3072   4.88611
59.5456   5.81806
63.1103   7.72778
62.7564   7.23861
62.4778   6.19028
62.0606   5.6975
62.2583   5.43139
62.3556   5.54444
62.3564   5.85389
62.3642   6.00139
62.2003   6.13222
62.1914   6.94889
62.3756   6.64417
62.4247   6.20611
62.5625   6.10194
62.5844   7.01833
62.5047   7.78194
62.8286   6.84583
62.9972   7.55528
62.9164   7.91917
62.9536   8.21806
62.6128   8.63417
62.9475   8.77
63.4019   8.02917
63.2686   8.60778
62.0878   6.01417
62.3036   7.25778
62.9167   7.2275
67.2828   14.375
68.4206   17.56
65.0967   12.5886
65.3236   12.1772
65.4758   12.4003
65.6753   11.9578
65.6683   12.5186
65.9986   12.2172
65.9567   12.5728
66.1128   13.1308
65.7992   13.2506
65.4006   13.5106
65.5475   14.1344
66.0914   12.5258
66.2578   13.035
66.0542   14.0306
66.3719   14.3428
66.4319   12.855
66.5075   12.0308
66.5933   13.3594
66.7881   13.6758
67.0233   14.0772
66.9172   14.6747
66.92   15.56
67.2206   15.8086
67.2206   15.8086
67.7983   15.1719
68.4042   15.5714
68.5364   16.9319
67.52   12.0989
67.6731   12.6692
68.0792   13.2744
68.2214   13.7844
68.2781   14.5208
68.535   14.825
68.6953   14.5794
68.8883   15.1833
68.7086   15.2808
69.0944   15.7644
67.9253   12.9589
68.0758   15.7822
59.1264   11.4828
59.4592   10.7008
59.2858   11.1119
59.2053   10.95
59.7378   10.205
59.6694   9.65167
60.2053   10.1525
59.0564   11.0222
59.2231   11.6956
59.5111   11.6283
59.5822   11.1703
59.4806   11.1444
59.3731   11.4203
59.3489   10.855
59.4725   10.9169
59.575   10.7319
59.75   10.8667
59.6603   10.7836
59.6989   10.6553
59.8086   10.6556
59.9383   10.5067
59.8353   10.435
59.84   11.5683
59.8892   11.0753
59.7742   11.1019
59.8989   10.9642
59.95   11.0833
60.0731   10.8722
60.0825   11.0144
60.1708   11.1881
60.1308   11.4892
60.35   11.25
60.2456   10.9528
60.4158   11.0086
60.0478   10.2911
60.4086   9.48417
60.5583   9.10111
60.7503   8.98472
60.9058   8.51472
60.6303   8.56111
60.5717   8.07167
60.0525   9.60111
60.195   9.66444
59.9575   9.98278
59.7719   9.83611
59.7939   10.2661
59.8478   9.48222
60.0172   9.23389
60.3072   8.80556
60.2711   10.4019
60.2528   10.6672
60.2431   12.2256
60.7992   11.0561
61.1167   10.4667
60.7925   10.695
61.0242   10.8019
60.8253   11.3908
60.7158   11.1903
60.4422   11.5681
60.2367   11.7456
59.9981   12.0606
60.4564   12.0583
60.6536   12.1531
60.7533   11.8975
60.9275   11.7153
61.31   12.315
61.1464   11.4158
61.635   10.8742
61.8594   11.1761
61.8833   12.0333
62.4014   11.0222
62.2753   10.8325
62.0717   10.5075
62.1992   10.0353
62.4761   11.2431
62.035   9.4675
62.2106   8.64472
61.9361   7.96028
61.8108   8.63917
61.8486   9.12111
61.6589   9.72778
61.8169   9.57333
61.5689   9.92333
61.5356   10.3081
61.2653   10.4133
61.2767   9.9225
60.6133   10.9161
60.6528   10.5961
60.4411   10.4956
60.6769   10.2789
60.9319   10.0172
60.6964   9.65889
60.9672   9.65361
60.9597   9.26417
61.0606   8.91722
61.2364   9.14361
61.2144   8.50417
59.4208   10.4328
59.4953   10.2486
59.2981   10.4236
59.1306   10.2167
59.0811   10.0164
59.1156   9.71
59.2081   9.55278
59.6294   9.19139
59.1667   10.4
59.2975   9.70639
59.0197   9.56083
58.8869   9.34694
59.1233   8.98194
59.2847   9.12389
59.45   9.1
60.0092   8.55944
59.665   8.72611
59.5133   8.64889
59.3983   8.495
59.0764   8.51833
59.1658   8.01972
59.4172   7.97861
59.8014   7.77917
58.7264   9.19444
58.3519   8.54444
58.4608   8.76639
58.1472   7.99722
58.1042   7.28889
58.0828   6.75278
58.3272   6.66667
58.8925   8.95667
58.7756   8.83222
58.6239   8.92778
58.5831   8.57222
58.2469   8.31694
58.4494   8.23333
58.7981   8.36917
58.4411   7.95583
58.5847   7.77056
58.9242   7.76472
59.2125   7.53583
59.4431   7.255
58.3106   7.85694
58.7019   7.39361
58.1692   7.05583
58.4567   7.21972
58.3381   7.02306
58.8619   6.81333
60.3894   5.33
61.5997   5.03278
59.6639   5.93333
59.5736   5.36333
59.7794   5.21833
59.8081   5.46639
59.9189   5.37139
59.9983   5.57722
59.9281   6.03694
60.3117   6.81472
60.435   7.27722
60.6211   7.08028
60.7025   6.42306
60.37   6.14389
60.4028   5.80556
60.1956   5.62222
60.0378   5.26833
60.6108   4.82472
60.4714   5.16056
60.6069   5.81611
60.8806   5.92528
60.5181   5.54139
60.6667   5.33333
60.7711   4.92611
60.7689   4.73056
60.8383   5.44861
61.0242   5.11944
61.1308   4.94778
61.1708   5.29306
61.1881   5.89556
61.0569   6.57806
61.2422   7.055
60.8681   7.24333
61.0511   7.59778
61.2914   7.79806
61.4939   7.32944
61.4058   5.24222
61.3061   5.46333
61.4522   5.85722
61.8086   5.42083
61.9114   6.03722
61.7439   6.17056
61.8386   6.86278
63.4297   10.3933
64.0581   11.7189
64.4939   11.5117
63.7256   8.74417
64.2978   10.5133
62.5736   9.60889
62.8308   9.87444
62.5742   11.3831
62.8686   11.2772
62.9211   10.5006
63.1764   10.3036
63.2814   10.0553
63.3728   10.7508
63.1983   11.1403
63.0183   11.815
63.4381   11.8494
63.475   11.1708
63.6039   10.7744
63.6547   11.2603
63.7981   11.9492
64.2244   12.6253
64.3761   13.6097
64.9208   13.6508
64.8719   12.9764
64.5314   12.62
64.7242   12.3339
64.5078   11.8939
64.4197   10.9078
65.0881   11.6169
63.8994   11.22
63.6439   10.1869
63.2906   9.08917
63.5472   8.85472
63.7833   9.8
63.9778   10.3856
63.3067   9.85028
64.8392   11.4608
63.0422   9.28944
69.6828   18.9428
68.8   16.5458
69.9767   23.2958
70.3706   31.0242
70.0733   29.7497
70.6625   23.6833
68.7019   16.1469
68.4844   16.2925
68.8294   17.2458
68.69   17.5417
68.6578   17.5836
68.8642   18.3528
68.9006   17.8931
68.975   19.0644
69.0919   18.1936
69.0669   17.7414
69.0806   16.8031
69.3047   19.2036
70.13   19.4308
69.6903   20.0817
69.2786   20.2867
69.6039   20.5325
70.0853   20.6594
69.705   21.2092
69.8942   21.9803
69.0117   23.0433
70.2394   22.3486
70.5917   22.3028
70.9967   24.6614
70.9781   25.9747
70.0522   24.9558
69.4819   25.105
70.9453   27.3511
71.0411   27.8514
70.8581   29.085
70.1994   28.1858
70.1733   28.5536
70.6353   29.7208
69.7286   30.0417
0   0
